# T [K]   Cooling [erg cm^3 s^-1]   Heating [erg s^-1] 
10.0 8.946410010334062e-32 1e-25 
21.270503864781258 1.7085187618564116e-29 1e-25 
45.24343346616744 2.4650298833178816e-28 1e-25 
96.23506263980887 1.055947732736575e-27 1e-25 
204.696827180752 2.5557715432768713e-27 1e-25 
435.4004653656649 4.7297280435636754e-27 1e-25 
926.1187281287937 7.715229483868656e-27 1e-25 
1969.90119859098 1.1860348861510959e-26 1e-25 
4190.079105786669 1.775576115082459e-26 1e-25 
8912.509381337459 1.3251293935029884e-24 1e-25 
10000.0 1.59e-23 1e-25 
12600.0 6.16e-23 6.298815822625345e-26 
15890.0 1.86e-22 3.9605199529014966e-26 
20020.0 1.55e-22 2.4950074900124854e-26 
25240.0 1.08e-22 1.569716772863239e-26 
31810.0 9.77e-23 9.882632863845683e-27 
40090.0 1.14e-22 6.221969637908121e-27 
50530.0 1.62e-22 3.916529513066893e-27 
63680.0 2.59e-22 2.466004646347315e-27 
80260.0 3.8e-22 1.552393048036195e-27 
101200.0 4.32e-22 9.76425190207627e-28 
127500.0 4.03e-22 6.151480199923107e-28 
160700.0 4.15e-22 3.872293315376219e-28 
202600.0 4.47e-22 2.436245881526337e-28 
255300.0 4.52e-22 1.534257907833752e-28 
321800.0 3e-22 9.656681786455229e-29 
405600.0 2.38e-22 6.078607580655829e-29 
511100.0 2.26e-22 3.8281437549136614e-29 
644200.0 1.73e-22 2.4096754832194535e-29 
812000.0 1.46e-22 1.5166589822611567e-29 
1000000.0 1.41e-22 1.0000000000000001e-29 
1259000.0 1.28e-22 6.308825858110722e-30 
1585000.0 1.13e-22 3.9805351829553485e-30 
1995000.0 8.64e-23 2.5125470317397505e-30 
2512000.0 6.21e-23 1.584749888433608e-30 
3162000.0 4.58e-23 1.0001756308407755e-30 
3981000.0 3.69e-23 6.309800742171384e-31 
5012000.0 3.26e-23 3.980868899477647e-31 
6310000.0 3.03e-23 2.511546836581182e-31 
7943000.0 2.98e-23 1.585005869831488e-31 
10000000.0 2.92e-23 1e-31 
12590000.0 2.69e-23 6.308825858110721e-32 
15850000.0 2.3e-23 3.980535182955349e-32 
19950000.0 2e-23 2.5125470317397506e-32 
25120000.0 1.89e-23 1.584749888433608e-32 
31620000.0 1.92e-23 1.0001756308407757e-32 
39810000.0 2.06e-23 6.309800742171383e-33 
50120000.0 2.24e-23 3.9808688994776465e-33 
63100000.0 2.41e-23 2.5115468365811822e-33 
79430000.0 2.55e-23 1.5850058698314882e-33 
100000000.0 2.61e-23 1e-33 
10000000000.0 2.61e-22 1e-37 
