# T [K]   Cooling [erg cm^3 s^-1]   Heating [erg s^-1] 
10.0 8.946410010334062e-32 1e-25 
50.0 3.144424611182318e-28 1e-25 
200.0 2.499755700904627e-27 1e-25 
5000.0 1.99762301364347e-26 1e-25 
10000.0 4.2587347392132314e-24 1e-25 
10000.0 1.59e-23 1e-25 
15890.0 1.86e-22 3.9605199529014966e-26 
31810.0 9.77e-23 9.882632863845683e-27 
101200.0 4.32e-22 9.76425190207627e-28 
255300.0 4.52e-22 1.534257907833752e-28 
25120000.0 1.89e-23 1.584749888433608e-32 
100000000.0 2.61e-23 1e-33 
10000000000.0 2.61e-22 1e-37 
