# T [K]   Cooling [erg cm^3 s^-1]   Heating [erg s^-1] 
100.0 1.1158533150366396e-27 2e-26 
164.6897865482869 2.05533759765557e-27 2e-26 
271.22725793320296 3.2848267409370844e-27 2e-26 
446.683592150963 4.816257757529071e-27 2e-26 
735.6422544596413 6.701594631977822e-27 2e-26 
1211.5276586285888 9.033282610924221e-27 2e-26 
1995.2623149688789 1.1943539472253385e-26 2e-26 
3285.9932476006543 1.5607658393651147e-26 2e-26 
5411.6952654646375 2.2161669838989742e-26 2e-26 
8912.509381337459 1.3251293935029884e-24 2e-26 
10000.0 1.59e-23 2e-26 
12600.0 6.16e-23 2e-26 
15890.0 1.86e-22 2e-26 
20020.0 1.55e-22 2e-26 
25240.0 1.08e-22 2e-26 
31810.0 9.77e-23 2e-26 
40090.0 1.14e-22 2e-26 
50530.0 1.62e-22 2e-26 
63680.0 2.59e-22 2e-26 
80260.0 3.8e-22 2e-26 
101200.0 4.32e-22 2e-26 
127500.0 4.03e-22 2e-26 
160700.0 4.15e-22 2e-26 
202600.0 4.47e-22 2e-26 
255300.0 4.52e-22 2e-26 
321800.0 3e-22 2e-26 
405600.0 2.38e-22 2e-26 
511100.0 2.26e-22 2e-26 
644200.0 1.73e-22 2e-26 
812000.0 1.46e-22 2e-26 
1000000.0 1.41e-22 2e-26 
1259000.0 1.28e-22 2e-26 
1585000.0 1.13e-22 2e-26 
1995000.0 8.64e-23 2e-26 
2512000.0 6.21e-23 2e-26 
3162000.0 4.58e-23 2e-26 
3981000.0 3.69e-23 2e-26 
5012000.0 3.26e-23 2e-26 
6310000.0 3.03e-23 2e-26 
7943000.0 2.98e-23 2e-26 
10000000.0 2.92e-23 2e-26 
12590000.0 2.69e-23 2e-26 
15850000.0 2.3e-23 2e-26 
19950000.0 2e-23 2e-26 
25120000.0 1.89e-23 2e-26 
31620000.0 1.92e-23 2e-26 
39810000.0 2.06e-23 2e-26 
50120000.0 2.24e-23 2e-26 
63100000.0 2.41e-23 2e-26 
79430000.0 2.55e-23 2e-26 
100000000.0 2.61e-23 2e-26 
