# T [K]   Cooling [erg cm^3 s^-1]   Heating [erg s^-1] 
10.0 8.946410010334062e-32 2e-24 
21.270503864781258 1.7085187618564116e-29 2e-24 
45.24343346616744 2.4650298833178816e-28 2e-24 
96.23506263980887 1.055947732736575e-27 2e-24 
204.696827180752 2.5557715432768713e-27 2e-24 
435.4004653656649 4.7297280435636754e-27 2e-24 
926.1187281287937 7.715229483868656e-27 2e-24 
1969.90119859098 1.1860348861510959e-26 2e-24 
4190.079105786669 1.775576115082459e-26 2e-24 
8912.509381337459 1.3251293935029884e-24 2e-24 
10000.0 1.59e-23 2e-24 
12600.0 6.16e-23 1.259763164525069e-24 
15890.0 1.86e-22 7.921039905802993e-25 
20020.0 1.55e-22 4.99001498002497e-25 
25240.0 1.08e-22 3.1394335457264773e-25 
31810.0 9.77e-23 1.9765265727691362e-25 
40090.0 1.14e-22 1.2443939275816242e-25 
50530.0 1.62e-22 7.833059026133786e-26 
63680.0 2.59e-22 4.93200929269463e-26 
80260.0 3.8e-22 3.1047860960723897e-26 
101200.0 4.32e-22 1.9528503804152537e-26 
127500.0 4.03e-22 1.2302960399846212e-26 
160700.0 4.15e-22 7.744586630752437e-27 
202600.0 4.47e-22 4.872491763052674e-27 
255300.0 4.52e-22 3.0685158156675036e-27 
321800.0 3e-22 1.9313363572910457e-27 
405600.0 2.38e-22 1.2157215161311656e-27 
511100.0 2.26e-22 7.6562875098273215e-28 
644200.0 1.73e-22 4.819350966438906e-28 
812000.0 1.46e-22 3.033317964522313e-28 
1000000.0 1.41e-22 2e-28 
1259000.0 1.28e-22 1.2617651716221442e-28 
1585000.0 1.13e-22 7.961070365910696e-29 
1995000.0 8.64e-23 5.0250940634795e-29 
2512000.0 6.21e-23 3.1694997768672155e-29 
3162000.0 4.58e-23 2.0003512616815508e-29 
3981000.0 3.69e-23 1.2619601484342767e-29 
5012000.0 3.26e-23 7.961737798955292e-30 
6310000.0 3.03e-23 5.023093673162363e-30 
7943000.0 2.98e-23 3.170011739662976e-30 
10000000.0 2.92e-23 1.9999999999999998e-30 
12590000.0 2.69e-23 1.261765171622144e-30 
15850000.0 2.3e-23 7.961070365910698e-31 
19950000.0 2e-23 5.025094063479501e-31 
25120000.0 1.89e-23 3.1694997768672156e-31 
31620000.0 1.92e-23 2.0003512616815514e-31 
39810000.0 2.06e-23 1.2619601484342766e-31 
50120000.0 2.24e-23 7.961737798955293e-32 
63100000.0 2.41e-23 5.023093673162364e-32 
79430000.0 2.55e-23 3.170011739662976e-32 
100000000.0 2.61e-23 1.9999999999999998e-32 
10000000000.0 2.61e-22 2e-36 
